1.5507890961262558,18.352941176470594,-3.989098517455767,-5.494239598278342,-0.6222285987565775,-1.646343854615017,-147.6360832137732,-5.486035389765666,-0.04387474392742169,-0.0033933274802457956,-0.8830086083213772,3.513281174538779,162.56157635467991,-0.2918460066953612,0.29677187948350053,-805.494415179007,0.02204686752749919,0.015494978479196583,-0.018005738880918075,0.0024390243902439033,0.007317073170731723,-0.013940698230511778,-0.0016499282639885334,-0.012266857962697315,0.023625059780009564,-0.03271162123385929,0.0008130081300813,0.06449067431850809,0.014634146341463414,-0.04497847919655662,0.0056910569105691035,0.043280726924916364,0.0016260162601626025,0.04899569583931159,-0.019655667144906797,-0.04261119081779051,0.04897178383548541,-0.1136059301769488,-0.07197513151602104,0.07197513151602104,0.028742228598756588,-0.028742228598756584,-0.4073170731707322,0.4105930176948824,0.058799617407938945,0.040817790530846526,0.2578909612625535,-0.23567670970827403,-0.12183165949306542,-0.017192730750836865,0.06324725011956003,-0.04605451936872306,-0.0318507890961264,0.0318507890961264,0.034265901482544124,0.0008130081300813006,-0.03926351028216173,-0.04634146341463413,0.012195121951219542,-0.004136776661884274,0.04246771879483539,-0.0008369201339072273,-0.02537063605930197,-0.01779053084648495,-9.564801530377274e-05,0.005714968914394943,-0.004088952654232409,0.04246771879483539,-0.01066475370636052,-0.01987087517934004,0.031850789096126535,-0.07197513151602104,0.010616929698708866,0.007795313247250139,0.04653275944524152,0.0057149689143949555
18.352941176470594,1003.6862745098039,-10.782352941176464,7.507843137254883,5.722058823529412,-28.697549019607827,1613.0343137254897,146.4362745098038,-0.25111696419861407,0.5457223685494094,-14.411568627450974,254.70098039215685,3592.64705882353,-45.33823529411768,-38.88235294117648,33404.61274509801,1.6326809185664067e-18,0.7647058823529409,1.333333333333333,-0.32352941176470595,0.5049019607843132,-1.2107843137254921,2.6122894697062506e-17,0.11274509803921579,0.14215686274509803,-0.47058823529411825,6.530723674265627e-18,1.1862745098039231,1.1617647058823524,1.3382352941176463,0.2058823529411764,0.31372549019607837,1.3061447348531253e-17,0.1470588235294117,-1.75,-1.7794117647058842,-0.0294117647058823,-1.6470588235294121,-0.9558823529411772,0.9558823529411773,0.08333333333333344,-0.08333333333333375,-5.749999999999997,5.622549019607841,0.15686274509803924,0.2598039215686275,2.9656862745098045,-0.5098039215686277,-2.8725490196078436,-0.8970588235294118,-3.6862745098039182,4.583333333333337,-2.1769078914218755e-17,1.6326809185664067e-18,1.1911764705882355,6.530723674265627e-18,1.3333333333333337,-2.4215686274509824,-1.7500000000000002,1.098039215686276,0.5490196078431374,0.09803921568627456,-0.009803921568627263,-2.8382352941176436,2.205882352941179,-0.004901960784313711,6.530723674265627e-18,0.5490196078431374,-0.9558823529411768,-2.196078431372548,0.41176470588235264,-0.9558823529411772,0.11274509803921565,3.1666666666666674,0.4166666666666667,6.530723674265627e-18
-3.989098517455767,-10.782352941176464,36.26178240076521,64.97518866571018,10.271615016738416,8.673144189383066,2434.2967455762787,142.76654471544717,0.7971483757682174,0.3039281533508927,5.974561645145862,83.75733603786335,-1036.0353279242731,-18.532089909134392,-22.562324246771873,27632.81459613696,-0.12043998087039687,0.12060736489717842,0.17278096604495297,-0.0924988043998086,-0.16524151123864206,-0.2820373027259683,-0.07708990913438545,0.1555404112864654,-0.14491152558584447,0.47719273075083585,0.01933046389287413,-0.21684122429459562,-0.2677379244380681,0.617046867527499,-0.11566714490674308,-0.1587398373983738,-0.026044954567192764,0.010100430416068732,-0.15185796269727408,-0.10250358680057328,-0.067544237207078,0.41655667144906716,0.5522955523672891,-0.5522955523672891,-0.5980703012912483,0.5980703012912475,1.3399473935915813,-1.3153730272596869,-0.17813486370157808,-0.010062171209947271,-1.1052008608321386,0.8768029650884734,0.4165949306551893,-0.08533955045432805,-1.3690698230511702,1.4544093735054997,0.136126255380201,-0.136126255380201,0.09863223338115727,-0.001747967479674772,0.5662792922046868,-0.5518364418938314,-0.2879842180774749,0.24443328550932594,-0.06777618364418934,0.2437111429937829,0.35528216164514675,-0.779397417503587,0.28304878048780446,-0.0507675753228122,0.01589909134385464,-0.06777618364418934,-0.25991391678622633,-1.1183070301291251,-0.05083213773314207,0.5522955523672891,-0.014002869440459054,1.049416547106648,-0.14514347202295563,-0.013512673362027713
-5.494239598278342,7.507843137254883,64.97518866571018,152.2086881874699,22.261035150645633,14.802787900526072,5638.3362003825905,351.0815494978477,2.026477880206811,0.5011116232562671,7.762938139646107,270.3198589780738,-1689.0682652371277,-54.150573888091806,-59.868075083691984,66303.80673592823,-0.06543041606886656,0.33556432329029134,0.40983261597321835,-0.3252343376374941,-0.5761932089909129,-0.846276901004303,-0.20145624103299883,0.33702056432329014,-0.2702821616451459,0.8318914395026307,0.02132711621233863,-0.38353180296508826,-0.2700334768053565,0.921362984218077,-0.31394548063127686,-0.09287422285987575,0.050007173601147856,0.3691391678622672,-0.3053491152558586,-0.3317479674796753,-0.08917264466762376,0.7953825920612152,0.7804638928742231,-0.7804638928742231,-1.1155738880918238,1.1155738880918236,2.4278598756575804,-2.364141559062647,-0.10782161645145856,0.11326398852223804,-2.5585724533715957,1.664069823051173,0.8890602582496422,-0.11638928742228624,-3.0995695839311326,3.2159588713534184,0.07572453371592537,-0.07572453371592539,0.4971018651362988,0.008091822094691484,0.7598469631755149,-1.5205475848876147,-0.38107364897178353,0.7355858440937361,-0.09900526064084168,0.46889048302247766,0.7243041606886651,-2.064870875179342,1.0456743185078918,-0.16151602104256363,0.08652319464371111,-0.09900526064084168,-0.8286370157819221,-2.815449545671921,-0.0742539454806313,0.7804638928742231,-0.004163079866092834,3.1513175514108025,-0.20217360114777613,-0.0071042563366810465
-0.6222285987565775,5.722058823529412,10.271615016738416,22.261035150645633,4.601899569583932,1.4635793878527061,968.4450717360111,65.69778574844571,0.32487547556335966,0.12306855428738633,1.5433673601147824,54.443250748575295,-224.96377861489407,-9.01985891917744,-10.004421329507425,12300.517571456456,-0.019722620755619397,0.0963008130081302,0.02224294595887133,-0.05011477761836424,-0.07681492109038754,-0.0970659971305594,-0.04623146819703542,0.0591989478718317,-0.02663079866092785,0.20214490674318572,0.010255858440937246,-0.041673840267814316,-0.07225729316116704,0.13389287422286003,-0.056150167384026915,0.02971066475370629,0.00629603060736485,0.017417503586800526,-0.056341463414634,-0.12818507890961278,-0.017125777140124306,0.11085365853658548,0.1492348158775703,-0.1492348158775703,-0.2485844093735055,0.24858440937350557,0.21818747010999584,-0.2107580105212822,-0.00954328072692503,0.027635102821616374,-0.2266977522716406,0.16593495934959393,0.04267097082735551,-0.03073648971783824,-0.5001793400286939,0.5309158297465326,0.013350071736011505,-0.013350071736011505,0.028952654232424532,0.03133428981348639,0.1064036346245819,-0.2757604017216644,-0.0696915351506454,0.1828359636537542,-0.004074605451936842,0.14049497847919643,0.19271640363462475,-0.46931850789096274,0.14467001434720217,-0.02748923959827824,0.023000956480153087,-0.004074605451936842,-0.09404830224772857,-0.5250741272118604,-0.00305595408895262,0.1492348158775703,0.001922525107603999,0.494933046389288,-0.02044237207077957,-0.003469631755141073
-1.646343854615017,-28.697549019607827,8.673144189383066,14.802787900526072,1.4635793878527061,5.9707996174079465,376.0539909134386,6.83270923003348,0.11323700126816912,-0.04241466686176958,2.535284624581539,-10.635499372162657,-373.66427605524973,-0.7775466284074621,-1.8065255858440927,2583.9370915032673,-0.05477761836441907,0.024146341463414583,0.043142037302726054,-0.019483500717360012,-0.09178383548541381,-0.03099713055954093,-0.029409373505499704,-0.038110951697752374,-0.0305045432807269,0.07843615494978416,0.005270205643232905,-0.1932520325203249,-0.008077474892395931,0.18640363462458162,-0.060167384026781554,-0.06433524629363929,-0.008577235772357715,0.06985652797704446,0.0014777618364418554,-0.00047106647537071677,0.08579148732663805,0.13542324246771878,0.20687470109995257,-0.20687470109995257,-0.08225251076040177,0.08225251076040178,0.6625681492109027,-0.655951697752272,-0.06739837398374003,-0.03430894308943092,-0.5546150167384024,0.2882926829268297,0.36802965088474415,0.0739024390243901,-0.12100669536107125,0.04710425633668107,0.031248206599713054,-0.03124820659971306,-0.058326159732185266,-0.01580822572931616,0.1838307030129125,0.03979435676709697,-0.029770444763271123,-0.03884026781444284,-0.08087996174079412,0.006252989000478203,0.08444285031085612,0.061001912960306125,-0.03920133907221419,-0.002572931611669047,-0.029043519846963076,-0.08087996174079412,-0.019478718316594985,-0.09089191774270697,-0.06065997130559548,0.20687470109995257,-0.01727881396461032,0.13265423242467736,-0.1398230511716882,-0.011396461023433857
-147.6360832137732,1613.0343137254897,2434.2967455762787,5638.3362003825905,968.4450717360111,376.0539909134386,271107.8743185081,18443.028192252517,91.45123475758464,27.559474441517903,313.04071449067425,15452.578914324366,-66132.3239640684,-2580.026781444286,-2859.4173601147795,3363010.7287581693,1.2367766618842644,8.411956001912955,14.659182209469147,-11.74361549497847,-17.833787661406024,-29.237039693926352,-6.707173601147777,21.6436394069823,-21.47852702056432,44.73271162123388,1.7374222859875654,-11.065471066475373,-13.692085126733627,35.88125298900048,-11.485102821616454,8.226327116212337,-0.35358680057388814,5.586298421807746,-14.077403156384502,-17.95640841702535,-12.49406982305117,26.00870396939264,33.65040650406505,-33.65040650406505,-65.22089909134385,65.22089909134388,51.678885700621684,-49.340004782400776,7.238259206121472,10.00231946437111,-71.15985174557623,25.895480631276914,28.023792443806787,2.3622907699665263,-171.26912960306086,168.9068388330942,-3.1632472501195608,3.16324725011956,24.780439980870383,3.9727164036346245,30.648087039693927,-96.65071736011468,-10.914155906264941,50.9933524629364,-2.8297226207556183,27.589072214251566,31.11654710664754,-125.52436633189862,68.04617407938785,-5.23316594930655,6.8354615016738425,-2.8297226207556183,-27.506001912960297,-140.75169775227164,-2.5573409851745588,33.65040650406505,1.252128168340507,135.2980870396939,-0.26025824964132055,0.87467718794835
-5.486035389765666,146.4362745098038,142.76654471544717,351.0815494978477,65.69778574844571,6.83270923003348,18443.028192252517,1734.1139167862254,6.584458345527264,2.652210028289923,4.7920499760879895,1334.1785714285722,-4858.403361344545,-178.07759445241507,-194.27807269249197,282376.13349917054,0.15332376853180277,0.13063127690100426,1.5673601147776126,-0.6849115255858456,-1.0694404591104723,-1.758799617407934,-0.4785748445719746,2.2611669057867045,-1.9922764227642262,3.9055954088952745,0.06417981826877078,-0.5480153036824489,0.08660927785748451,0.4804878048780487,-0.7076040172166416,1.4777618364418965,0.04992826398852234,-0.17374461979913927,-1.1661166905786717,-1.2697752271640348,-1.1563127690100437,0.828527020564323,0.8620277379244369,-0.862027737924438,-1.7373983739837402,1.7373983739837393,0.45375418460066796,-0.2879961740793875,0.8899808703969404,1.9350071736011447,-4.29172644667623,1.8426351028216141,-0.3758967001434718,-0.7410090865614539,-10.661166905786713,11.40217599234816,-0.9866571018651364,0.9866571018651352,1.7897656623625051,0.37300334768053617,0.15741272118603594,-6.795504543280728,-0.1794595887135336,5.721592539454811,-1.0668101386896247,3.178742228598753,1.3628407460545202,-10.99638928742228,6.8687470109995115,-0.32307508369201227,0.975944524151123,-1.0668101386896247,-1.5930416068866595,-8.631779053084648,-0.8368723098995708,0.8620277379244369,0.1426111908177907,10.057412721186042,0.038402678144428604,-0.038761358201817336
-0.04387474392742169,-0.25111696419861407,0.7971483757682174,2.026477880206811,0.32487547556335966,0.11323700126816912,91.45123475758464,6.584458345527264,0.07335631157935807,-0.004748670861379384,0.005594929762950148,6.1624225054578305,-32.9117928780708,-1.0356892010535559,-1.0948270900399961,1134.4411671024939,-0.001810067310506275,-0.005383621110135608,0.005647010047800138,-0.004996341820310245,-0.010381182323675775,-0.019641010633109014,-0.002544142034923419,0.003974246414983878,-0.002729245927226614,0.010794068871329568,0.0022071017461710975,-0.005033167495854074,-0.006644717588527935,0.013640864305921369,-0.0071483269924885705,0.012015900887718294,0.0012769485903814186,0.0012818261633011391,0.01707345624817087,-0.007804116671544206,-0.01175007316359381,0.017954589796117446,0.00438713296263779,-0.004387132962637791,-0.02220198029460537,0.022201980294605378,0.015776265730172694,-0.014602233928397245,0.004762218320163898,0.010941127694859012,-0.02923324553702075,0.004136669593210423,0.00939322992878742,0.00270705297044191,-0.07799092771436929,0.07528387474392739,-0.006033069944395658,0.006033069944395658,0.004328358208955277,0.002991415471661297,0.011583260169739481,-0.04991756901765693,0.02310652619256658,0.00790800897473422,-2.3469788204392097e-18,0.008878645985757449,-0.0004767827529021592,-0.018580626280362923,0.011205736025753655,-0.002057604136181845,0.001030631157935803,-2.3469788204392097e-18,-0.017878743537215906,-0.04482148083113847,-3.3036277961617133e-18,0.00438713296263779,0.0013247488049946254,0.056731050629206956,-0.00023412350014632817,0.0004914154716612995
-0.0033933274802457956,0.5457223685494094,0.3039281533508927,0.5011116232562671,0.12306855428738633,-0.04241466686176958,27.559474441517903,2.652210028289923,-0.004748670861379384,0.09834308360159984,0.23181631548141668,1.0938604908424165,-9.998531021604048,-0.08653424056189649,-0.09493610379475165,202.5801713496221,-0.00458955223880593,0.004960979416642274,-0.0034479562969466147,-0.002530728709394182,0.004858794263974243,0.013183835723343989,-0.0016749585406301744,0.006537898741586214,0.002791678860598969,0.00694420056579848,-0.0006638376743732292,0.015193639644912627,0.005109745390693596,-0.005145351673007491,0.004127646083308955,-0.006652521705199499,0.0063193834747829305,-0.01035557506584721,-0.03757389522973364,-6.633499170810629e-05,0.00850453614281533,-0.005831626182811433,0.022556579845868688,-0.02255657984586869,-0.026957613891327715,0.026957613891327708,-0.002393181153058231,0.0010737976782752821,-0.00623792800702363,0.0026304750756023856,0.007804360550190233,0.005585308750365831,-0.009782216369134735,-0.015876499853672812,0.01926104770266322,-0.0033845478489903692,0.005226807140766741,-0.00522680714076674,0.001641791044776106,-0.0007128572822163678,-0.006250365817969005,0.05155594576138913,-0.04280070237050032,-0.0034338113354794543,-3.4354327661501475e-18,-0.001309384450297536,0.012501707150521886,-0.014569798068481108,0.006911033069944441,-0.0011050141449614745,-0.002428543556726192,-3.4354327661501475e-18,0.010001707150521929,-0.03449956101843722,-3.0719061553755958e-18,0.022556579845868688,0.0031596917373914526,-0.01727611940298507,0.016182323675738946,-0.00012462198809872136
-0.8830086083213772,-14.411568627450974,5.974561645145862,7.762938139646107,1.5433673601147824,2.535284624581539,313.04071449067425,4.7920499760879895,0.005594929762950148,0.23181631548141668,15.777104318507885,-32.29534772529702,-825.9154713609581,8.437577714012432,7.254114538498325,2218.8083762559763,-0.016802008608321522,-0.059792922046867626,-0.06147202295552403,-0.008468675274988006,-0.06653347680535604,-0.059083213773314186,-0.0179909134385461,-0.013370636059301845,0.028808225729316222,0.18362601626016356,-0.010502630320420885,-0.13261262553802042,-0.030714012434242086,0.20800047824007642,-0.05047919655667145,-0.01329746532759447,-0.014142515542802523,-0.027672644667623206,-0.07799234815877583,0.03107269249163072,0.2048507890961262,0.004569105691056861,1.1629866092778582,-1.1629866092778582,-0.452579148732663,0.45257914873266303,0.28995504543280703,-0.33904782400765154,-0.03556480153036823,0.02284170253467222,-0.3826351028216163,0.3741004304160692,0.02125777140124339,-0.07932759445241505,-0.12296269727403213,0.20229029172644628,0.009449067431850769,-0.009449067431850764,-0.06720803443328548,-0.000698708751793402,0.20485078909612658,0.04914012434241994,-0.08744141559062654,-0.08408321377331422,-0.014559540889526499,-0.03976805356288859,0.15554949784791944,-0.020800573888091752,-0.08392587278813994,-0.0031496891439502625,0.0066542324246771515,-0.014559540889526499,-0.04837207077953138,-0.3411637972262072,-0.010919655667144887,1.1629866092778582,-0.015404591104734631,-0.61710019129603,-0.12540602582496424,-0.004620277379244369
3.513281174538779,254.70098039215685,83.75733603786335,270.3198589780738,54.443250748575295,-10.635499372162657,15452.578914324366,1334.1785714285722,6.1624225054578305,1.0938604908424165,-32.29534772529702,1561.768038249784,2468.778373418334,-207.64976335361732,-209.79870568917212,235687.5488890185,0.3099584661450794,0.5745436105476673,1.3576016613541997,-0.611610161305901,-0.7907128368588813,-1.5310296532406062,-0.5344344634405489,1.4766251328117446,-1.5605621558968408,1.6468173476287076,0.34678354100260866,-0.011421810103351665,-0.15005312469815435,-0.23930261759876337,-0.6019269776876275,2.6015647638365738,5.0409023360737806e-17,0.6591326185646676,-1.0591857432628218,-1.7999855114459564,-1.3631073118902728,1.2803052255384915,-1.9417801603399982,1.9417801603399987,-3.6594223896455085,3.6594223896455094,-2.3085579059209915,2.5169516082294967,0.8061914420940792,1.489954602530668,-0.9886023374867204,-0.5421133970829725,-0.7654303100550561,-0.3936540133294695,-10.574640200907943,10.968294214237414,-1.51093885830194,1.51093885830194,2.4555201390901202,0.9007051096300588,-0.5150680962039993,-7.555877523423166,0.4517531150391193,4.160146817347635,0.1028204385202357,2.17999613638559,0.9812856176953537,-10.545180141021937,6.783589297788085,-0.27576547860523487,0.7732541292379017,0.1028204385202357,-1.4942045783830746,-10.082874529121987,-0.04788467110982328,-1.9417801603399982,0.19972471747319645,12.487419105573258,0.9494832415724915,-0.06988312566405885
162.56157635467991,3592.64705882353,-1036.0353279242731,-1689.0682652371277,-224.96377861489407,-373.66427605524973,-66132.3239640684,-4858.403361344545,-32.9117928780708,-9.998531021604048,-825.9154713609581,2468.778373418334,227509.05534627652,-354.8681541582153,-178.21645899739232,-378529.30522097397,-1.8436685018835082,12.85496957403651,-2.220370906983482,2.5680962039988477,11.625857239447512,40.04998551144594,0.482951801410219,-4.294648894040372,-1.37882739302617,-25.014488554042305,-0.6145561672945022,9.167632570269486,4.624263498502854,-24.652274702984588,7.95300878972277,16.289964261566695,2.7864421010200007e-16,6.116584564860433,-20.609968125181098,-41.72462088283587,1.693953443446345,8.926156669564378,-67.68328020863521,67.68328020863521,33.76798995460254,-33.76798995460255,-56.454650825847615,56.948469042789604,0.9695257413310219,-3.6909591422775856,36.27209504491454,-20.51699990340965,-13.0336617405583,-9.452574133101514,29.443156572974033,-19.990582439872455,-11.39162561576352,11.391625615763518,14.684149521877735,3.06191442094079,-24.77663479184774,6.108132908335765,-9.218342509417564,-7.0088380179658065,17.14961846807688,-6.7492514247078175,-2.3483531343571906,-9.475514343668507,2.162416690814279,-0.12436008886313164,-0.6145561672945022,17.14961846807688,34.906548826427205,-21.443059982613743,12.86221385105765,-67.68328020863521,-0.6145561672945022,35.862793393219384,6.723896455133788,-0.6145561672945022
-0.2918460066953612,-45.33823529411768,-18.532089909134392,-54.150573888091806,-9.01985891917744,-0.7775466284074621,-2580.026781444286,-178.07759445241507,-1.0356892010535559,-0.08653424056189649,8.437577714012432,-207.64976335361732,-354.8681541582153,42.79961740793877,43.76076040172171,-34359.351258413815,-0.07185557149689151,-0.2183165949306548,-0.22919655667145014,0.23206599713055936,0.12266857962697288,0.3291487326637977,0.1133428981348631,-0.16009086561453842,0.040530846484935414,-0.26351028216164607,-0.030487804878048898,-0.018890483022477332,0.15710186513629856,-0.14909134385461498,0.10031085604973695,-0.19165471066475365,-0.02175992348158775,-0.14371114299378288,0.06551889048302245,0.3577235772357724,0.197871831659493,-0.2177187948350072,0.4980870396939264,-0.4980870396939264,0.5104017216642749,-0.510401721664275,-0.09325681492109038,0.04638928742228584,-0.13880918220946933,-0.14096126255380192,0.37565758010521216,0.04866092778574826,-0.14454806312769006,-0.09301769488283103,1.8218555714968925,-1.7288378766140597,0.1208751793400286,-0.1208751793400286,-0.30703012912482075,-0.04029172644667625,-0.042324246771879535,1.1495695839311333,-0.055356288857006254,-0.5384983261597318,-0.1660688665710183,-0.2406743185078908,-0.305954088952654,1.4808703969392647,-0.8150406504065038,0.10676709708273563,-0.05989956958393103,-0.1660688665710183,0.33620277379244307,1.5956480153036814,-0.12087517934002844,0.4980870396939264,-0.030487804878048926,-2.1060497369679547,-0.16654710664753714,-0.0059780009564801406
0.29677187948350053,-38.88235294117648,-22.562324246771873,-59.868075083691984,-10.004421329507425,-1.8065255858440927,-2859.4173601147795,-194.27807269249197,-1.0948270900399961,-0.09493610379475165,7.254114538498325,-209.79870568917212,-178.21645899739232,43.76076040172171,47.42309899569578,-37418.0875036582,-0.060066953610712494,-0.2267575322812054,-0.21083213773314058,0.2291487326637969,0.14823051171688167,0.30016738402678167,0.10291726446676294,-0.18261597321855605,0.09916307986609273,-0.38240076518412414,-0.033094213295074,0.025657580105212817,0.1935198469631756,-0.2218794835007172,0.11637972262075562,-0.11645145863223343,0.002439024390243899,-0.10052606408417024,-7.173601147776952e-05,0.3380439980870402,0.2450263032042085,-0.2659971305595409,0.39203730272596854,-0.39203730272596854,0.6754662840746066,-0.6754662840746062,-0.17960306073648996,0.12814442850310853,-0.13974175035868008,-0.1373027259684357,0.48732663797226106,0.03864179818268749,-0.24892395982783358,-0.15569105691056911,2.043400286944045,-1.8877092300334752,0.08457675753228108,-0.08457675753228108,-0.34811095169775214,-0.01348637015781918,-0.1128168340506943,1.317742706838833,-0.084648493543759,-0.6066953610712571,-0.15198469631755088,-0.28311812529890035,-0.3689383070301289,1.5762553802008608,-0.813868962219033,0.1090626494500239,-0.06740793878527046,-0.15198469631755088,0.3124342419894787,1.7030368244858929,-0.11398852223816326,0.39203730272596854,-0.033094213295073956,-2.101052128168344,-0.15078909612625532,-0.008584409373505509
-805.494415179007,33404.61274509801,27632.81459613696,66303.80673592823,12300.517571456456,2583.9370915032673,3363010.7287581693,282376.13349917054,1134.4411671024939,202.5801713496221,2218.8083762559763,235687.5488890185,-378529.30522097397,-34359.351258413815,-37418.0875036582,61917513.17959218,33.694176177933876,136.82462686567163,506.33806457906536,-105.88425519461524,-235.2213930348259,-320.0572627060776,-42.06499365915524,314.60103892303204,-212.85391669105448,801.5635547751441,16.156228660618464,-252.8219685884304,-246.30553116769104,123.0469466393523,-179.93090917959208,356.7327577797293,-35.41303287484149,59.3001170617501,-274.4634913666958,-520.9908789386401,-184.0958443078723,261.84596624719535,257.9432006633496,-257.94320066334967,-537.8252121744222,537.8252121744222,198.60481904204468,-163.9908057750463,255.3932543166519,352.99492732416314,-1083.2293922544136,577.1903960589212,-102.34918544532245,-116.31879816603262,-2291.9473709881963,2408.2661691542276,-313.54221539362015,313.54221539362015,288.7816066725199,1.3583905242472503e-15,83.55611647644139,-1165.5233147985564,39.07872402692426,757.7760706272553,-3.6692030045849164,503.7817773875728,431.39561993951844,-2234.888766949565,1231.141644717588,-39.49083016291093,111.72975807238323,-3.6692030045849164,-304.7422690469222,-1811.4278363086532,-15.619549312262226,257.9432006633496,-1.191810555067797,1983.417154423959,-97.79492244659062,-10.583967417812909
0.02204686752749919,1.6326809185664067e-18,-0.12043998087039687,-0.06543041606886656,-0.019722620755619397,-0.05477761836441907,1.2367766618842644,0.15332376853180277,-0.001810067310506275,-0.00458955223880593,-0.016802008608321522,0.3099584661450794,-1.8436685018835082,-0.07185557149689151,-0.060066953610712494,33.694176177933876,0.014490674318507805,-0.0005021520803443314,-0.0005738880918220867,-0.00021520803443328862,-0.0006456241032998647,-0.0009325681492109082,-0.0002869440459110444,-0.00021520803443328862,-0.001219512195121969,-0.0005738880918220906,-7.173601147776133e-05,-0.000932568149210908,-0.0012912482065997185,-0.0007890961262553741,-0.0005021520803443311,-0.00035868005738880985,-0.0001434720229555233,-0.00043041606886657475,-0.0008608321377331485,-0.002295552367288379,-0.0008608321377331455,-0.0007890961262553763,-0.0014347202295552407,0.0014347202295552405,0.002654232424677205,-0.0026542324246772043,-0.008177905308464812,0.00832137733142032,0.009373505499760928,-0.0005738880918220971,-0.00011956001912960082,-0.006886657101865139,-0.0017934002869440578,-0.0006456241032998593,-0.008608321377331335,0.009253945480631236,0.00021520803443328767,-0.0002152080344332875,0.008943089430894405,-7.173601147776165e-05,-0.0008608321377331518,-0.010616929698708881,-0.0010760401721664201,0.003969392635102816,-0.0002869440459110448,-0.00035868005738880985,-0.0007890961262553742,-0.001602104256336671,0.0031802965088474143,-7.173601147776086e-05,-7.173601147776112e-05,-0.0002869440459110448,-0.0007890961262553806,-0.0047345767575322495,-0.00021520803443328862,-0.0014347202295552407,-7.173601147776095e-05,0.00796269727403166,-0.0006456241032998607,-7.17360114777611e-05
0.015494978479196583,0.7647058823529409,0.12060736489717842,0.33556432329029134,0.0963008130081302,0.024146341463414583,8.411956001912955,0.13063127690100426,-0.005383621110135608,0.004960979416642274,-0.059792922046867626,0.5745436105476673,12.85496957403651,-0.2183165949306548,-0.2267575322812054,136.82462686567163,-0.0005021520803443314,0.03314203730272599,-0.0013390722142515622,-0.0005021520803443311,-0.0015064562410330067,-0.0021759923481587526,-0.0006695361071257837,-0.0005021520803443311,-0.0028455284552845626,-0.0013390722142515663,-0.00016738402678144593,-0.0021759923481587526,-0.0030129124820659895,-0.0018412242945958974,-0.0011716881874701056,-0.0008369201339072146,-0.0003347680535628915,-0.0010043041606886622,-0.0020086083213773256,-0.0053562888570062505,-0.0020086083213773256,-0.0018412242945958937,-0.003347680535628845,0.0033476805356288442,-0.003610712577714045,0.003610712577714047,0.005428024868483919,-0.005093256814921068,-0.0010043041606886622,-0.0013390722142515663,-0.006814921090387381,0.00844093735055002,0.0007173601147776121,0.00829746532759451,0.004423720707795325,-0.012721186035389664,0.0005021520803443316,-0.0005021520803443311,-0.002008608321377326,-0.00016738402678144576,-0.002008608321377326,0.009540889526542305,-0.0025107604017216715,-0.0021759923481587526,-0.0006695361071257837,-0.0008369201339072112,0.027570540411286135,-0.02171209947393569,-0.004017216642754652,-0.0001673840267814454,-0.00016738402678144593,-0.0006695361071257837,-0.0018412242945958985,-0.011047345767575191,-0.0005021520803443311,-0.003347680535628845,-0.00016738402678144582,0.018579626972740192,-0.0015064562410329945,-0.00016738402678144593
-0.018005738880918075,1.333333333333333,0.17278096604495297,0.40983261597321835,0.02224294595887133,0.043142037302726054,14.659182209469147,1.5673601147776126,0.005647010047800138,-0.0034479562969466147,-0.06147202295552403,1.3576016613541997,-2.220370906983482,-0.22919655667145014,-0.21083213773314058,506.33806457906536,-0.0005738880918220867,-0.0013390722142515622,0.03768531802965105,-0.0005738880918220867,-0.0017216642754663053,-0.002486848397895781,-0.0007651841224294606,-0.0005738880918220885,-0.0032520325203251915,-0.001530368244858913,-0.00019129603060736412,-0.0024868483978957683,-0.0034433285509326006,-0.0021042563366810017,-0.0013390722142515659,-0.0009564801530368262,-0.000382592061214728,-0.001147776183644187,-0.002295552367288375,-0.00612147297943566,-0.002295552367288382,-0.00210425633668101,-0.0038259206121473077,0.0038259206121473073,0.007077953132472545,-0.007077953132472581,0.0027020564323290528,-0.0023194643711143097,-0.0011477761836441894,-0.0015303682448589123,-0.013390722142515377,0.020851267336203048,-0.004782400765184134,-0.0017216642754663016,-0.022955523672883844,0.024677187948349954,0.0005738880918220935,-0.0005738880918220928,-0.002295552367288388,-0.00019129603060736403,-0.002295552367288372,0.010903873744619865,-0.0028694404591104784,-0.002486848397895767,-0.000765184122429459,-0.0009564801530368262,-0.002104256336680998,-0.020612147297943664,0.024820659971305257,-0.0001912960306073661,-0.00019129603060736506,-0.000765184122429459,-0.0021042563366809987,-0.012625538020085996,-0.0005738880918220893,-0.0038259206121473077,-0.00019129603060736574,0.021233859397417742,-0.0017216642754663038,-0.00019129603060736515
0.0024390243902439033,-0.32352941176470595,-0.0924988043998086,-0.3252343376374941,-0.05011477761836424,-0.019483500717360012,-11.74361549497847,-0.6849115255858456,-0.004996341820310245,-0.002530728709394182,-0.008468675274988006,-0.611610161305901,2.5680962039988477,0.23206599713055936,0.2291487326637969,-105.88425519461524,-0.00021520803443328862,-0.0005021520803443311,-0.0005738880918220867,0.014490674318507812,-0.0006456241032998645,-0.000932568149210908,-0.00028694404591104425,-0.00021520803443328835,-0.001219512195121969,-0.0005738880918220901,-7.17360114777613e-05,-0.0009325681492109075,-0.0012912482065997183,-0.0007890961262553747,-0.0005021520803443313,-0.00035868005738880985,-0.0001434720229555232,-0.0004304160688665742,-0.0008608321377331474,-0.0022955523672883774,-0.0008608321377331444,-0.0007890961262553769,-0.0014347202295552407,0.0014347202295552403,0.002654232424677202,-0.0026542324246772012,-0.00327594452415109,0.0034194165471066414,-0.00043041606886657675,-0.0005738880918220967,0.004782400765184132,-0.0019846963175514085,-0.0017934002869440567,-0.0006456241032998585,0.0060975609756098335,-0.005451936872309942,0.0002152080344332874,-0.00021520803443328724,-0.0008608321377331521,-7.17360114777616e-05,0.004041128646580571,-0.0008130081300813065,-0.0010760401721664212,-0.0009325681492109072,-0.0002869440459110447,-0.00035868005738880985,-0.0007890961262553745,-0.0016021042563366726,-0.0017216642754663038,0.004830224772835972,-7.173601147776106e-05,-0.0002869440459110447,-0.0007890961262553811,0.00997130559540888,-0.00021520803443328835,-0.0014347202295552407,-7.17360114777609e-05,-0.006743185078909525,-0.0006456241032998606,-7.173601147776105e-05
0.007317073170731723,0.5049019607843132,-0.16524151123864206,-0.5761932089909129,-0.07681492109038754,-0.09178383548541381,-17.833787661406024,-1.0694404591104723,-0.010381182323675775,0.004858794263974243,-0.06653347680535604,-0.7907128368588813,11.625857239447512,0.12266857962697288,0.14823051171688167,-235.2213930348259,-0.0006456241032998647,-0.0015064562410330067,-0.0017216642754663053,-0.0006456241032998645,0.04218077474892405,-0.0027977044476327263,-0.0008608321377331529,-0.0006456241032998633,-0.003658536585365834,-0.0017216642754663042,-0.00021520803443328803,-0.002797704447632725,-0.0038737446197991427,-0.0023672883787661247,-0.0015064562410329937,-0.0010760401721664203,-0.000430416068866574,-0.0012912482065997163,-0.0025824964131994296,-0.006886657101865154,-0.002582496413199422,-0.002367288378766144,-0.0043041606886656735,0.004304160688665672,-0.006743185078909562,0.006743185078909564,-0.004925872788139646,0.0004543280726924904,-0.0012912482065997226,-0.0017216642754663042,0.009445241511238576,-0.005954088952654233,-0.0004782400765184109,-0.0019368723098995694,0.01829268292682911,-0.01635581061692963,0.0006456241032998591,-0.0006456241032998586,-0.0025824964131994283,-0.00021520803443328705,-0.002582496413199434,0.012266857962697322,-0.003228120516499278,-0.0027977044476327263,-0.0008608321377331529,-0.0010760401721664182,-0.0023672883787661057,0.009899569583931117,-0.005164992826398886,-0.00021520803443328816,-0.0002152080344332883,-0.0008608321377331529,-0.0023672883787661035,0.01520803443328556,-0.0006456241032998627,-0.0043041606886656735,0.004686752749880461,-0.010425633668101368,-0.0019368723098995703,-0.0002152080344332883
-0.013940698230511778,-1.2107843137254921,-0.2820373027259683,-0.846276901004303,-0.0970659971305594,-0.03099713055954093,-29.237039693926352,-1.758799617407934,-0.019641010633109014,0.013183835723343989,-0.059083213773314186,-1.5310296532406062,40.04998551144594,0.3291487326637977,0.30016738402678167,-320.0572627060776,-0.0009325681492109082,-0.0021759923481587526,-0.002486848397895781,-0.000932568149210908,-0.0027977044476327263,0.059684361549497404,-0.0012434241989478908,-0.0009325681492109075,-0.005284552845528422,-0.0024868483978957735,-0.0003108560497369717,-0.00404112864658061,-0.0055954088952654465,-0.003419416547106674,-0.002175992348158761,-0.0015542802486848317,-0.0006217120994739396,-0.001865136298421815,-0.003730272596843628,-0.009947393591582981,-0.0037302725968436233,-0.00341941654710665,-0.006217120994739331,0.006217120994739329,0.011501673840267916,-0.011501673840267915,-0.010927785748445698,0.011549497847919586,-0.001865136298421814,-0.0024868483978957487,0.01255380200860834,-0.005332376853180279,-0.0028694404591104745,-0.002797704447632721,0.026422764227642108,-0.02362505978000962,0.0009325681492109082,-0.0009325681492109075,-0.003730272596843627,-0.0003108560497369699,-0.0037302725968436285,0.017718794835007108,-0.004662840746054535,-0.004041128646580593,-0.0012434241989478893,-0.0015542802486848313,-0.003419416547106674,0.014299378287900474,-0.007460545193687262,-0.00031085604973697266,-0.0003108560497369726,-0.0012434241989478893,0.05050215208034473,-0.015614538498326253,-0.0009325681492109075,-0.006217120994739331,-0.00031085604973697266,-0.024318507890961287,-0.0027977044476327206,-0.0003108560497369727
-0.0016499282639885334,2.6122894697062506e-17,-0.07708990913438545,-0.20145624103299883,-0.04623146819703542,-0.029409373505499704,-6.707173601147777,-0.4785748445719746,-0.002544142034923419,-0.0016749585406301744,-0.0179909134385461,-0.5344344634405489,0.482951801410219,0.1133428981348631,0.10291726446676294,-42.06499365915524,-0.0002869440459110444,-0.0006695361071257837,-0.0007651841224294606,-0.00028694404591104425,-0.0008608321377331529,-0.0012434241989478908,0.019225251076040208,-0.0002869440459110441,-0.0016260162601625984,-0.000765184122429457,-9.564801530368213e-05,-0.0012434241989478843,-0.0017216642754662964,-0.0010521281683405022,-0.000669536107125782,-0.0004782400765184131,-0.00019129603060736414,-0.000573888091822093,-0.0011477761836441865,-0.003060736489717832,-0.0011477761836441902,-0.0010521281683405063,-0.0019129603060736536,0.0019129603060736536,0.003538976566236267,-0.003538976566236284,-0.0010999521759923478,0.0012912482065997148,-0.0005738880918220962,-0.0007651841224294565,-0.0017934002869440478,0.0055236728837876085,-0.0023912003825920657,-0.0008608321377331486,-0.0016738402678144447,0.0025346724055476146,0.00028694404591104636,-0.00028694404591104625,-0.001147776183644193,-9.564801530368207e-05,-0.0011477761836441852,0.0054519368723099275,-0.0014347202295552394,-0.001243424198947884,-0.00038259206121472975,-0.0004782400765184129,-0.0010521281683405009,0.004399808703969378,-0.0022955523672883804,-9.564801530368257e-05,-9.564801530368257e-05,-0.00038259206121472975,-0.0010521281683404998,0.008393113342898172,-0.00028694404591104436,-0.0019129603060736536,-9.56480153036826e-05,-0.008990913438546222,-0.00086083213773315,0.004806312769010052
-0.012266857962697315,0.11274509803921579,0.1555404112864654,0.33702056432329014,0.0591989478718317,-0.038110951697752374,21.6436394069823,2.2611669057867045,0.003974246414983878,0.006537898741586214,-0.013370636059301845,1.4766251328117446,-4.294648894040372,-0.16009086561453842,-0.18261597321855605,314.60103892303204,-0.00021520803443328862,-0.0005021520803443311,-0.0005738880918220885,-0.00021520803443328835,-0.0006456241032998633,-0.0009325681492109075,-0.0002869440459110441,0.014490674318507826,-0.0012195121951219686,-0.0005738880918220898,-7.173601147776124e-05,-0.0009325681492109069,-0.0012912482065997194,-0.0007890961262553757,-0.0005021520803443314,-0.00035868005738880985,-0.00014347202295552307,-0.00043041606886657323,-0.0008608321377331455,-0.002295552367288376,-0.0008608321377331426,-0.0007890961262553779,-0.0014347202295552405,0.0014347202295552403,0.0026542324246772,-0.002654232424677199,0.0016260162601625875,-0.0014825442372070764,-0.0004304160688665758,-0.0005738880918220963,-0.005021520803443403,0.007819225251076032,-0.0017934002869440548,-0.0006456241032998571,-0.008608321377331354,0.009253945480631246,0.00021520803443328691,-0.00021520803443328675,0.008943089430894382,-7.173601147776154e-05,-0.0008608321377331491,-0.010616929698708848,-0.0010760401721664227,0.003969392635102817,-0.0002869440459110444,-0.00035868005738880985,-0.0007890961262553747,-0.011406025824964248,0.008082257293161147,-7.173601147776106e-05,0.00483022477283597,-0.0002869440459110444,-0.0007890961262553806,-0.004734576757532245,-0.0002152080344332879,-0.0014347202295552405,-7.173601147776106e-05,0.007962697274031639,-0.0006456241032998611,-7.173601147776102e-05
0.023625059780009564,0.14215686274509803,-0.14491152558584447,-0.2702821616451459,-0.02663079866092785,-0.0305045432807269,-21.47852702056432,-1.9922764227642262,-0.002729245927226614,0.002791678860598969,0.028808225729316222,-1.5605621558968408,-1.37882739302617,0.040530846484935414,0.09916307986609273,-212.85391669105448,-0.001219512195121969,-0.0028455284552845626,-0.0032520325203251915,-0.001219512195121969,-0.003658536585365834,-0.005284552845528422,-0.0016260162601625984,-0.0012195121951219686,0.07642276422764277,-0.0032520325203251924,-0.00040650406504064905,-0.005284552845528428,-0.007317073170731701,-0.0044715447154471755,-0.002845528455284557,-0.002032520325203246,-0.0008130081300812985,-0.0024390243902439202,-0.004878048780487832,-0.0130081300813008,-0.004878048780487808,-0.0044715447154471556,0.001673840267814448,-0.0016738402678144473,0.015040650406504126,-0.01504065040650412,-0.012027737924438033,0.007938785270205641,-0.002439024390243915,-0.00325203252032518,0.020564323290291654,-0.004710664753706372,-0.010162601626016263,-0.0036585365853658695,0.005141080822572923,-0.0014825442372070835,0.0012195121951219417,-0.001219512195121961,-0.004878048780487816,-0.0004065040650406492,-0.004878048780487849,0.0035628885700621617,-0.006097560975609769,-0.005284552845528427,0.017981826877092433,-0.0020325203252032457,-0.00447154471544718,-0.0009086561453849937,-0.009756097560975669,-0.00040650406504064894,-0.0004065040650406496,0.017981826877092433,-0.004471544715447191,0.02219033955045442,0.013486370157819087,0.001673840267814448,-0.0004065040650406492,-0.028407460545193625,-0.0036585365853658647,-0.0004065040650406495
